10
6 5
1 4
1 3
2 3
2 5
4 6
1 6
7 4
1 6
2 3
2 6
3 5
2 5
9 9
2 6
4 7
5 7
1 5
2 9
3 9
4 8
5 3
7 8
1 9
12 14
1 6
1 7
1 8
2 6
3 8
4 7
5 7
1 12
2 11
3 12
4 12
5 11
7 9
8 10
1 4
12 15
1 8
2 6
3 6
4 7
5 8
1 10
2 11
2 12
3 11
3 12
5 9
5 10
6 10
6 12
7 3
4 10
23 55
1 6
1 7
1 9
2 4
2 6
2 9
3 5
3 6
3 7
1 14
2 15
5 11
5 12
6 15
7 10
7 12
8 12
8 13
8 14
9 10
2 20
3 17
4 17
4 18
4 19
6 17
7 16
9 18
10 18
11 17
11 19
12 18
13 16
13 17
13 19
14 19
14 20
15 18
2 21
2 23
3 22
4 21
6 23
9 23
12 21
15 22
16 22
16 23
17 21
17 23
18 21
18 22
18 23
19 21
20 21
2 16
26 91
1 10
1 11
2 7
2 9
3 7
3 9
4 7
4 9
4 11
5 8
6 10
1 14
2 14
2 16
3 15
3 16
4 14
5 13
5 14
6 14
6 15
7 12
7 14
7 15
7 16
8 14
10 15
11 12
11 13
11 16
1 20
1 21
2 17
2 18
2 19
3 19
3 20
4 18
6 17
6 19
6 20
6 21
7 18
7 20
8 18
8 20
8 21
9 19
10 18
11 19
12 18
12 19
12 20
13 21
15 18
15 20
16 17
16 20
1 22
2 25
3 24
3 26
4 25
5 24
6 26
8 23
8 26
9 22
9 25
10 22
12 22
12 24
13 24
13 26
15 22
15 23
16 23
17 24
17 25
17 26
18 22
18 23
18 24
18 25
19 22
19 25
19 26
20 22
20 24
20 25
20 26
1 20
14 16
3 6
4 8
2 11
3 10
5 11
1 14
2 12
2 13
3 12
3 13
3 14
4 14
6 12
8 13
9 13
11 14
1 13
14 20
2 9
4 6
4 8
4 9
5 7
5 10
1 13
2 11
2 12
2 14
3 13
3 14
4 11
4 13
6 12
6 13
8 11
9 12
10 13
10 14
5 12
17 35
1 5
1 7
2 6
2 7
3 7
4 5
4 9
2 13
3 10
3 11
4 10
4 11
5 10
5 11
8 13
9 10
9 11
9 13
1 16
1 17
2 17
4 15
4 16
6 15
6 16
7 16
8 16
9 17
10 15
11 14
11 16
11 17
12 16
13 15
13 16
1 15
